
3,71

4,70

5,70

6,70

7,71

8,70

9,70

10,70

11,71

39,133

40,125

41,125

42,132

43,125

44,125

45,132

46,125

47,125

48,132

49,125

50,125

51,133

52,125

53,125

54,132

55,125

56,125

57,132

58,125

59,125

60,132

61,125

62,125

63,133

64,125

65,125

66,125

67,133

68,125

69,125

70,132

71,125

72,125

73,132

74,125

75,125

76,132

77,125

78,125

79,133

80,125

81,125

82,132

83,125

84,125

85,132

86,125

87,125

88,132

89,125

90,125

91,133

92,125

93,125

94,125

95,133

96,125

97,125

98,132

99,125

100,125

101,132

102,125

103,125

104,132

105,125

106,125

107,133

108,125

109,125

110,132

111,125

112,125

113,132

114,125

115,125

116,132

117,125

118,125

119,133

363,217

364,198

365,198

366,209

367,198

368,198

369,209

370,198

371,198

372,216

373,198

374,198

375,209

376,198

377,198

378,209

379,198

380,198

381,216

382,198

383,198

384,209

385,198

386,198

387,209

388,198

389,198

390,216

391,198

392,198

393,209

394,198

395,198

396,209

397,198

398,198

399,217

400,198

401,198

402,209

403,198

404,198

405,209

406,198

407,198

408,216

409,198

410,198

411,209

412,198

413,198

414,209

415,198

416,198

417,216

418,198

419,198

420,209

421,198

422,198

423,209

424,198

425,198

426,216

427,198

428,198

429,209

430,198

431,198

432,209

433,198

434,198

435,217

436,198

437,198

438,209

439,198

440,198

441,209

442,198

443,198

444,209

445,198

446,198

447,217

448,198

449,198

450,209

451,198

452,198

453,209

454,198

455,198

456,216

457,198

458,198

459,209

460,198

461,198

462,209

463,198

464,198

465,216

466,198

467,198

468,209

469,198

470,198

471,209

472,198

473,198

474,216

475,198

476,198

477,209

478,198

479,198

480,209

481,198

482,198

483,217

484,198

485,198

486,209

487,198

488,198

489,209

490,198

491,198

492,216

493,198

494,198

495,209

496,198

497,198

498,209

499,198

500,198

501,216

502,198

503,198

504,209

505,198

506,198

507,209

508,198

509,198

510,216

511,198

512,198

513,209

514,198

515,198

516,209

517,198

518,198

519,217

520,198

521,198

522,209

523,198

524,198

525,209

526,198

527,198

528,209

529,198

530,198

531,217

532,198

533,198

534,209

535,198

536,198

537,209

538,198

539,198

540,216

541,198

542,198

543,209

544,198

545,198

546,209

547,198

548,198

549,216

550,198

551,198

552,209

553,198

554,198

555,209

556,198

557,198

558,216

559,198

560,198

561,209

562,198

563,198

564,209

565,198

566,198

567,217

568,198

569,198

570,209

571,198

572,198

573,209

574,198

575,198

576,216

577,198

578,198

579,209

580,198

581,198

582,209

583,198

584,198

585,216

586,198

587,198

588,209

589,198

590,198

591,209

592,198

593,198

594,216

595,198

596,198

597,209

598,198

599,198

600,209

601,198

602,198

603,217

604,198

605,198

606,198

607,217

608,198

609,198

610,209

611,198

612,198

613,209

614,198

615,198

616,216

617,198

618,198

619,209

620,198

621,198

622,209

623,198

624,198

625,216

626,198

627,198

628,209

629,198

630,198

631,209

632,198

633,198

634,216

635,198

636,198

637,209

638,198

639,198

640,209

641,198

642,198

643,217

644,198

645,198

646,209

647,198

648,198

649,209

650,198

651,198

652,216

653,198

654,198

655,209

656,198

657,198

658,209

659,198

660,198

661,216

662,198

663,198

664,209

665,198

666,198

667,209

668,198

669,198

670,216

671,198

672,198

673,209

674,198

675,198

676,209

677,198

678,198

679,217

680,198

681,198

682,209

683,198

684,198

685,209

686,198

687,198

688,209

689,198

690,198

691,217

692,198

693,198

694,209

695,198

696,198

697,209

698,198

699,198

700,216

701,198

702,198

703,209

704,198

705,198

706,209

707,198

708,198

709,216

710,198

711,198

712,209

713,198

714,198

715,209

716,198

717,198

718,216

719,198

720,198

721,209

722,198

723,198

724,209

725,198

726,198

727,217

728,198

729,198

730,209

731,198

732,198

733,209

734,198

735,198

736,216

737,198

738,198

739,209

740,198

741,198

742,209

743,198

744,198

745,216

746,198

747,198

748,209

749,198

750,198

751,209

752,198

753,198

754,216

755,198

756,198

757,209

758,198

759,198

760,209

761,198

762,198

763,217

764,198

765,198

766,209

767,198

768,198

769,209

770,198

771,198

772,209

773,198

774,198

775,217

776,198

777,198

778,209

779,198

780,198

781,209

782,198

783,198

784,216

785,198

786,198

787,209

788,198

789,198

790,209

791,198

792,198

793,216

794,198

795,198

796,209

797,198

798,198

799,209

800,198

801,198

802,216

803,198

804,198

805,209

806,198

807,198

808,209

809,198

810,198

811,217

812,198

813,198

814,209

815,198

816,198

817,209

818,198

819,198

820,216

821,198

822,198

823,209

824,198

825,198

826,209

827,198

828,198

829,216

830,198

831,198

832,209

833,198

834,198

835,209

836,198

837,198

838,216

839,198

840,198

841,209

842,198

843,198

844,209

845,198

846,198

847,217

848,198

849,198

850,198

851,217

852,198

853,198

854,209

855,198

856,198

857,209

858,198

859,198

860,216

861,198

862,198

863,209

864,198

865,198

866,209

867,198

868,198

869,216

870,198

871,198

872,209

873,198

874,198

875,209

876,198

877,198

878,216

879,198

880,198

881,209

882,198

883,198

884,209

885,198

886,198

887,217

888,198

889,198

890,209

891,198

892,198

893,209

894,198

895,198

896,216

897,198

898,198

899,209

900,198

901,198

902,209

903,198

904,198

905,216

906,198

907,198

908,209

909,198

910,198

911,209

912,198

913,198

914,216

915,198

916,198

917,209

918,198

919,198

920,209

921,198

922,198

923,217

924,198

925,198

926,209

927,198

928,198

929,209

930,198

931,198

932,209

933,198

934,198

935,217

936,198

937,198

938,209

939,198

940,198

941,209

942,198

943,198

944,216

945,198

946,198

947,209

948,198

949,198

950,209

951,198

952,198

953,216

954,198

955,198

956,209

957,198

958,198

959,209

960,198

961,198

962,216

963,198

964,198

965,209

966,198

967,198

968,209

969,198

970,198

971,217

972,198

973,198

974,209

975,198

976,198

977,209

978,198

979,198

980,216

981,198

982,198

983,209

984,198

985,198

986,209

987,198

988,198

989,216

990,198

991,198

992,209

993,198

994,198

995,209

996,198

997,198

998,216

999,198

1000,198

1001,209

1002,198

1003,198

1004,209

1005,198

1006,198

1007,217

1008,198

1009,198

1010,209

1011,198

1012,198

1013,209

1014,198

1015,198

1016,209

1017,198

1018,198

1019,217

1020,198

1021,198

1022,209

1023,198

1024,198

1025,209

1026,198

1027,198

1028,216

1029,198

1030,198

1031,209

1032,198

1033,198

1034,209

1035,198

1036,198

1037,216

1038,198

1039,198

1040,209

1041,198

1042,198

1043,209

1044,198

1045,198

1046,216

1047,198

1048,198

1049,209

1050,198

1051,198

1052,209

1053,198

1054,198

1055,217

1056,198

1057,198

1058,209

1059,198

1060,198

1061,209

1062,198

1063,198

1064,216

1065,198

1066,198

1067,209

1068,198

1069,198

1070,209

1071,198

1072,198

1073,216

1074,198

1075,198

1076,209

1077,198

1078,198

1079,209

1080,198

1081,198

1082,216

1083,198

1084,198

1085,209

1086,198

1087,198

1088,209

1089,198

1090,198

1091,217

3279,323

3280,289

3281,289

3282,304

3283,289

3284,289

3285,304

3286,289

3287,289

3288,315

3289,289

3290,289

3291,304

3292,289

3293,289

3294,304

3295,289

3296,289

3297,315

3298,289

3299,289

3300,304

3301,289

3302,289

3303,304

3304,289

3305,289

3306,322

3307,289

3308,289

3309,304

3310,289

3311,289

3312,304

3313,289

3314,289

3315,315

3316,289

3317,289

3318,304

3319,289

3320,289

3321,304

3322,289

3323,289

3324,315

3325,289

3326,289

3327,304

3328,289

3329,289

3330,304

3331,289

3332,289

3333,322

3334,289

3335,289

3336,304

3337,289

3338,289

3339,304

3340,289

3341,289

3342,315

3343,289

3344,289

3345,304

3346,289

3347,289

3348,304

3349,289

3350,289

3351,315

3352,289

3353,289

3354,304

3355,289

3356,289

3357,304

3358,289

3359,289

3360,322

3361,289

3362,289

3363,304

3364,289

3365,289

3366,304

3367,289

3368,289

3369,315

3370,289

3371,289

3372,304

3373,289

3374,289

3375,304

3376,289

3377,289

3378,315

3379,289

3380,289

3381,304

3382,289

3383,289

3384,304

3385,289

3386,289

3387,323

3388,289

3389,289

3390,304

3391,289

3392,289

3393,304

3394,289

3395,289

3396,315

3397,289

3398,289

3399,304

3400,289

3401,289

3402,304

3403,289

3404,289

3405,315

3406,289

3407,289

3408,304

3409,289

3410,289

3411,304

3412,289

3413,289

3414,322

3415,289

3416,289

3417,304

3418,289

3419,289

3420,304

3421,289

3422,289

3423,315

3424,289

3425,289

3426,304

3427,289

3428,289

3429,304

3430,289

3431,289

3432,315

3433,289

3434,289

3435,304

3436,289

3437,289

3438,304

3439,289

3440,289

3441,322

3442,289

3443,289

3444,304

3445,289

3446,289

3447,304

3448,289

3449,289

3450,315

3451,289

3452,289

3453,304

3454,289

3455,289

3456,304

3457,289

3458,289

3459,315

3460,289

3461,289

3462,304

3463,289

3464,289

3465,304

3466,289

3467,289

3468,322

3469,289

3470,289

3471,304

3472,289

3473,289

3474,304

3475,289

3476,289

3477,315

3478,289

3479,289

3480,304

3481,289

3482,289

3483,304

3484,289

3485,289

3486,315

3487,289

3488,289

3489,304

3490,289

3491,289

3492,304

3493,289

3494,289

3495,323

3496,289

3497,289

3498,304

3499,289

3500,289

3501,304

3502,289

3503,289

3504,315

3505,289

3506,289

3507,304

3508,289

3509,289

3510,304

3511,289

3512,289

3513,315

3514,289

3515,289

3516,304

3517,289

3518,289

3519,304

3520,289

3521,289

3522,315

3523,289

3524,289

3525,304

3526,289

3527,289

3528,304

3529,289

3530,289

3531,323

3532,289

3533,289

3534,304

3535,289

3536,289

3537,304

3538,289

3539,289

3540,315

3541,289

3542,289

3543,304

3544,289

3545,289

3546,304

3547,289

3548,289

3549,315

3550,289

3551,289

3552,304

3553,289

3554,289

3555,304

3556,289

3557,289

3558,322

3559,289

3560,289

3561,304

3562,289

3563,289

3564,304

3565,289

3566,289

3567,315

3568,289

3569,289

3570,304

3571,289

3572,289

3573,304

3574,289

3575,289

3576,315

3577,289

3578,289

3579,304

3580,289

3581,289

3582,304

3583,289

3584,289

3585,322

3586,289

3587,289

3588,304

3589,289

3590,289

3591,304

3592,289

3593,289

3594,315

3595,289

3596,289

3597,304

3598,289

3599,289

3600,304

3601,289

3602,289

3603,315

3604,289

3605,289

3606,304

3607,289

3608,289

3609,304

3610,289

3611,289

3612,322

3613,289

3614,289

3615,304

3616,289

3617,289

3618,304

3619,289

3620,289

3621,315

3622,289

3623,289

3624,304

3625,289

3626,289

3627,304

3628,289

3629,289

3630,315

3631,289

3632,289

3633,304

3634,289

3635,289

3636,304

3637,289

3638,289

3639,323

3640,289

3641,289

3642,304

3643,289

3644,289

3645,304

3646,289

3647,289

3648,315

3649,289

3650,289

3651,304

3652,289

3653,289

3654,304

3655,289

3656,289

3657,315

3658,289

3659,289

3660,304

3661,289

3662,289

3663,304

3664,289

3665,289

3666,322

3667,289

3668,289

3669,304

3670,289

3671,289

3672,304

3673,289

3674,289

3675,315

3676,289

3677,289

3678,304

3679,289

3680,289

3681,304

3682,289

3683,289

3684,315

3685,289

3686,289

3687,304

3688,289

3689,289

3690,304

3691,289

3692,289

3693,322

3694,289

3695,289

3696,304

3697,289

3698,289

3699,304

3700,289

3701,289

3702,315

3703,289

3704,289

3705,304

3706,289

3707,289

3708,304

3709,289

3710,289

3711,315

3712,289

3713,289

3714,304

3715,289

3716,289

3717,304

3718,289

3719,289

3720,322

3721,289

3722,289

3723,304

3724,289

3725,289

3726,304

3727,289

3728,289

3729,315

3730,289

3731,289

3732,304

3733,289

3734,289

3735,304

3736,289

3737,289

3738,315

3739,289

3740,289

3741,304

3742,289

3743,289

3744,304

3745,289

3746,289

3747,323

3748,289

3749,289

3750,304

3751,289

3752,289

3753,304

3754,289

3755,289

3756,315

3757,289

3758,289

3759,304

3760,289

3761,289

3762,304

3763,289

3764,289

3765,315

3766,289

3767,289

3768,304

3769,289

3770,289

3771,304

3772,289

3773,289

3774,315

3775,289

3776,289

3777,304

3778,289

3779,289

3780,304

3781,289

3782,289

3783,323

3784,289

3785,289

3786,304

3787,289

3788,289

3789,304

3790,289

3791,289

3792,315

3793,289

3794,289

3795,304

3796,289

3797,289

3798,304

3799,289

3800,289

3801,315

3802,289

3803,289

3804,304

3805,289

3806,289

3807,304

3808,289

3809,289

3810,322

3811,289

3812,289

3813,304

3814,289

3815,289

3816,304

3817,289

3818,289

3819,315

3820,289

3821,289

3822,304

3823,289

3824,289

3825,304

3826,289

3827,289

3828,315

3829,289

3830,289

3831,304

3832,289

3833,289

3834,304

3835,289

3836,289

3837,322

3838,289

3839,289

3840,304

3841,289

3842,289

3843,304

3844,289

3845,289

3846,315

3847,289

3848,289

3849,304

3850,289

3851,289

3852,304

3853,289

3854,289

3855,315

3856,289

3857,289

3858,304

3859,289

3860,289

3861,304

3862,289

3863,289

3864,322

3865,289

3866,289

3867,304

3868,289

3869,289

3870,304

3871,289

3872,289

3873,315

3874,289

3875,289

3876,304

3877,289

3878,289

3879,304

3880,289

3881,289

3882,315

3883,289

3884,289

3885,304

3886,289

3887,289

3888,304

3889,289

3890,289

3891,323

3892,289

3893,289

3894,304

3895,289

3896,289

3897,304

3898,289

3899,289

3900,315

3901,289

3902,289

3903,304

3904,289

3905,289

3906,304

3907,289

3908,289

3909,315

3910,289

3911,289

3912,304

3913,289

3914,289

3915,304

3916,289

3917,289

3918,322

3919,289

3920,289

3921,304

3922,289

3923,289

3924,304

3925,289

3926,289

3927,315

3928,289

3929,289

3930,304

3931,289

3932,289

3933,304

3934,289

3935,289

3936,315

3937,289

3938,289

3939,304

3940,289

3941,289

3942,304

3943,289

3944,289

3945,322

3946,289

3947,289

3948,304

3949,289

3950,289

3951,304

3952,289

3953,289

3954,315

3955,289

3956,289

3957,304

3958,289

3959,289

3960,304

3961,289

3962,289

3963,315

3964,289

3965,289

3966,304

3967,289

3968,289

3969,304

3970,289

3971,289

3972,322

3973,289

3974,289

3975,304

3976,289

3977,289

3978,304

3979,289

3980,289

3981,315

3982,289

3983,289

3984,304

3985,289

3986,289

3987,304

3988,289

3989,289

3990,315

3991,289

3992,289

3993,304

3994,289

3995,289

3996,304

3997,289

3998,289

3999,323

4000,289

4001,289

4002,304

4003,289

4004,289

4005,304

4006,289

4007,289

4008,304

4009,289

4010,289

4011,323

4012,289

4013,289

4014,304

4015,289

4016,289

4017,304

4018,289

4019,289

4020,315

4021,289

4022,289

4023,304

4024,289

4025,289

4026,304

4027,289

4028,289

4029,315

4030,289

4031,289

4032,304

4033,289

4034,289

4035,304

4036,289

4037,289

4038,322

4039,289

4040,289

4041,304

4042,289

4043,289

4044,304

4045,289

4046,289

4047,315

4048,289

4049,289

4050,304

4051,289

4052,289

4053,304

4054,289

4055,289

4056,315

4057,289

4058,289

4059,304

4060,289

4061,289

4062,304

4063,289

4064,289

4065,322

4066,289

4067,289

4068,304

4069,289

4070,289

4071,304

4072,289

4073,289

4074,315

4075,289

4076,289

4077,304

4078,289

4079,289

4080,304

4081,289

4082,289

4083,315

4084,289

4085,289

4086,304

4087,289

4088,289

4089,304

4090,289

4091,289

4092,322

4093,289

4094,289

4095,304

4096,289

4097,289

4098,304

4099,289

4100,289

4101,315

4102,289

4103,289

4104,304

4105,289

4106,289

4107,304

4108,289

4109,289

4110,315

4111,289

4112,289

4113,304

4114,289

4115,289

4116,304

4117,289

4118,289

4119,323

4120,289

4121,289

4122,304

4123,289

4124,289

4125,304

4126,289

4127,289

4128,315

4129,289

4130,289

4131,304

4132,289

4133,289

4134,304

4135,289

4136,289

4137,315

4138,289

4139,289

4140,304

4141,289

4142,289

4143,304

4144,289

4145,289

4146,322

4147,289

4148,289

4149,304

4150,289

4151,289

4152,304

4153,289

4154,289

4155,315

4156,289

4157,289

4158,304

4159,289

4160,289

4161,304

4162,289

4163,289

4164,315

4165,289

4166,289

4167,304

4168,289

4169,289

4170,304

4171,289

4172,289

4173,322

4174,289

4175,289

4176,304

4177,289

4178,289

4179,304

4180,289

4181,289

4182,315

4183,289

4184,289

4185,304

4186,289

4187,289

4188,304

4189,289

4190,289

4191,315

4192,289

4193,289

4194,304

4195,289

4196,289

4197,304

4198,289

4199,289

4200,322

4201,289

4202,289

4203,304

4204,289

4205,289

4206,304

4207,289

4208,289

4209,315

4210,289

4211,289

4212,304

4213,289

4214,289

4215,304

4216,289

4217,289

4218,315

4219,289

4220,289

4221,304

4222,289

4223,289

4224,304

4225,289

4226,289

4227,323

4228,289

4229,289

4230,304

4231,289

4232,289

4233,304

4234,289

4235,289

4236,315

4237,289

4238,289

4239,304

4240,289

4241,289

4242,304

4243,289

4244,289

4245,315

4246,289

4247,289

4248,304

4249,289

4250,289

4251,304

4252,289

4253,289

4254,315

4255,289

4256,289

4257,304

4258,289

4259,289

4260,304

4261,289

4262,289

4263,323

4264,289

4265,289

4266,304

4267,289

4268,289

4269,304

4270,289

4271,289

4272,315

4273,289

4274,289

4275,304

4276,289

4277,289

4278,304

4279,289

4280,289

4281,315

4282,289

4283,289

4284,304

4285,289

4286,289

4287,304

4288,289

4289,289

4290,322

4291,289

4292,289

4293,304

4294,289

4295,289

4296,304

4297,289

4298,289

4299,315

4300,289

4301,289

4302,304

4303,289

4304,289

4305,304

4306,289

4307,289

4308,315

4309,289

4310,289

4311,304

4312,289

4313,289

4314,304

4315,289

4316,289

4317,322

4318,289

4319,289

4320,304

4321,289

4322,289

4323,304

4324,289

4325,289

4326,315

4327,289

4328,289

4329,304

4330,289

4331,289

4332,304

4333,289

4334,289

4335,315

4336,289

4337,289

4338,304

4339,289

4340,289

4341,304

4342,289

4343,289

4344,322

4345,289

4346,289

4347,304

4348,289

4349,289

4350,304

4351,289

4352,289

4353,315

4354,289

4355,289

4356,304

4357,289

4358,289

4359,304

4360,289

4361,289

4362,315

4363,289

4364,289

4365,304

4366,289

4367,289

4368,304

4369,289

4370,289

4371,323

4372,289

4373,289

4374,304

4375,289

4376,289

4377,304

4378,289

4379,289

4380,315

4381,289

4382,289

4383,304

4384,289

4385,289

4386,304

4387,289

4388,289

4389,315

4390,289

4391,289

4392,304

4393,289

4394,289

4395,304

4396,289

4397,289

4398,322

4399,289

4400,289

4401,304

4402,289

4403,289

4404,304

4405,289

4406,289

4407,315

4408,289

4409,289

4410,304

4411,289

4412,289

4413,304

4414,289

4415,289

4416,315

4417,289

4418,289

4419,304

4420,289

4421,289

4422,304

4423,289

4424,289

4425,322

4426,289

4427,289

4428,304

4429,289

4430,289

4431,304

4432,289

4433,289

4434,315

4435,289

4436,289

4437,304

4438,289

4439,289

4440,304

4441,289

4442,289

4443,315

4444,289

4445,289

4446,304

4447,289

4448,289

4449,304

4450,289

4451,289

4452,322

4453,289

4454,289

4455,304

4456,289

4457,289

4458,304

4459,289

4460,289

4461,315

4462,289

4463,289

4464,304

4465,289

4466,289

4467,304

4468,289

4469,289

4470,315

4471,289

4472,289

4473,304

4474,289

4475,289

4476,304

4477,289

4478,289

4479,323

4480,289

4481,289

4482,304

4483,289

4484,289

4485,304

4486,289

4487,289

4488,315

4489,289

4490,289

4491,304

4492,289

4493,289

4494,304

4495,289

4496,289

4497,315

4498,289

4499,289

4500,304

4501,289

4502,289

4503,304

4504,289

4505,289

4506,315

4507,289

4508,289

4509,304

4510,289

4511,289

4512,304

4513,289

4514,289

4515,323

4516,289

4517,289

4518,304

4519,289

4520,289

4521,304

4522,289

4523,289

4524,315

4525,289

4526,289

4527,304

4528,289

4529,289

4530,304

4531,289

4532,289

4533,315

4534,289

4535,289

4536,304

4537,289

4538,289

4539,304

4540,289

4541,289

4542,322

4543,289

4544,289

4545,304

4546,289

4547,289

4548,304

4549,289

4550,289

4551,315

4552,289

4553,289

4554,304

4555,289

4556,289

4557,304

4558,289

4559,289

4560,315

4561,289

4562,289

4563,304

4564,289

4565,289

4566,304

4567,289

4568,289

4569,322

4570,289

4571,289

4572,304

4573,289

4574,289

4575,304

4576,289

4577,289

4578,315

4579,289

4580,289

4581,304

4582,289

4583,289

4584,304

4585,289

4586,289

4587,315

4588,289

4589,289

4590,304

4591,289

4592,289

4593,304

4594,289

4595,289

4596,322

4597,289

4598,289

4599,304

4600,289

4601,289

4602,304

4603,289

4604,289

4605,315

4606,289

4607,289

4608,304

4609,289

4610,289

4611,304

4612,289

4613,289

4614,315

4615,289

4616,289

4617,304

4618,289

4619,289

4620,304

4621,289

4622,289

4623,323

4624,289

4625,289

4626,304

4627,289

4628,289

4629,304

4630,289

4631,289

4632,315

4633,289

4634,289

4635,304

4636,289

4637,289

4638,304

4639,289

4640,289

4641,315

4642,289

4643,289

4644,304

4645,289

4646,289

4647,304

4648,289

4649,289

4650,322

4651,289

4652,289

4653,304

4654,289

4655,289

4656,304

4657,289

4658,289

4659,315

4660,289

4661,289

4662,304

4663,289

4664,289

4665,304

4666,289

4667,289

4668,315

4669,289

4670,289

4671,304

4672,289

4673,289

4674,304

4675,289

4676,289

4677,322

4678,289

4679,289

4680,304

4681,289

4682,289

4683,304

4684,289

4685,289

4686,315

4687,289

4688,289

4689,304

4690,289

4691,289

4692,304

4693,289

4694,289

4695,315

4696,289

4697,289

4698,304

4699,289

4700,289

4701,304

4702,289

4703,289

4704,322

4705,289

4706,289

4707,304

4708,289

4709,289

4710,304

4711,289

4712,289

4713,315

4714,289

4715,289

4716,304

4717,289

4718,289

4719,304

4720,289

4721,289

4722,315

4723,289

4724,289

4725,304

4726,289

4727,289

4728,304

4729,289

4730,289

4731,323

4732,289

4733,289

4734,304

4735,289

4736,289

4737,304

4738,289

4739,289

4740,304

4741,289

4742,289

4743,323

4744,289

4745,289

4746,304

4747,289

4748,289

4749,304

4750,289

4751,289

4752,315

4753,289

4754,289

4755,304

4756,289

4757,289

4758,304

4759,289

4760,289

4761,315

4762,289

4763,289

4764,304

4765,289

4766,289

4767,304

4768,289

4769,289

4770,322

4771,289

4772,289

4773,304

4774,289

4775,289

4776,304

4777,289

4778,289

4779,315

4780,289

4781,289

4782,304

4783,289

4784,289

4785,304

4786,289

4787,289

4788,315

4789,289

4790,289

4791,304

4792,289

4793,289

4794,304

4795,289

4796,289

4797,322

4798,289

4799,289

4800,304

4801,289

4802,289

4803,304

4804,289

4805,289

4806,315

4807,289

4808,289

4809,304

4810,289

4811,289

4812,304

4813,289

4814,289

4815,315

4816,289

4817,289

4818,304

4819,289

4820,289

4821,304

4822,289

4823,289

4824,322

4825,289

4826,289

4827,304

4828,289

4829,289

4830,304

4831,289

4832,289

4833,315

4834,289

4835,289

4836,304

4837,289

4838,289

4839,304

4840,289

4841,289

4842,315

4843,289

4844,289

4845,304

4846,289

4847,289

4848,304

4849,289

4850,289

4851,323

4852,289

4853,289

4854,304

4855,289

4856,289

4857,304

4858,289

4859,289

4860,315

4861,289

4862,289

4863,304

4864,289

4865,289

4866,304

4867,289

4868,289

4869,315

4870,289

4871,289

4872,304

4873,289

4874,289

4875,304

4876,289

4877,289

4878,322

4879,289

4880,289

4881,304

4882,289

4883,289

4884,304

4885,289

4886,289

4887,315

4888,289

4889,289

4890,304

4891,289

4892,289

4893,304

4894,289

4895,289

4896,315

4897,289

4898,289

4899,304

4900,289

4901,289

4902,304

4903,289

4904,289

4905,322

4906,289

4907,289

4908,304

4909,289

4910,289

4911,304

4912,289

4913,289

4914,315

4915,289

4916,289

4917,304

4918,289

4919,289

4920,304

4921,289

4922,289

4923,315

4924,289

4925,289

4926,304

4927,289

4928,289

4929,304

4930,289

4931,289

4932,322

4933,289

4934,289

4935,304

4936,289

4937,289

4938,304

4939,289

4940,289

4941,315

4942,289

4943,289

4944,304

4945,289

4946,289

4947,304

4948,289

4949,289

4950,315

4951,289

4952,289

4953,304

4954,289

4955,289

4956,304

4957,289

4958,289

4959,323

4960,289

4961,289

4962,304

4963,289

4964,289

4965,304

4966,289

4967,289

4968,315

4969,289

4970,289

4971,304

4972,289

4973,289

4974,304

4975,289

4976,289

4977,315

4978,289

4979,289

4980,304

4981,289

4982,289

4983,304

4984,289

4985,289

4986,315

4987,289

4988,289

4989,304

4990,289

4991,289

4992,304

4993,289

4994,289

4995,323

4996,289

4997,289

4998,304

4999,289

5000,289

5001,304

5002,289

5003,289

5004,315

5005,289

5006,289

5007,304

5008,289

5009,289

5010,304

5011,289

5012,289

5013,315

5014,289

5015,289

5016,304

5017,289

5018,289

5019,304

5020,289

5021,289

5022,322

5023,289

5024,289

5025,304

5026,289

5027,289

5028,304

5029,289

5030,289

5031,315

5032,289

5033,289

5034,304

5035,289

5036,289

5037,304

5038,289

5039,289

5040,315

5041,289

5042,289

5043,304

5044,289

5045,289

5046,304

5047,289

5048,289

5049,322

5050,289

5051,289

5052,304

5053,289

5054,289

5055,304

5056,289

5057,289

5058,315

5059,289

5060,289

5061,304

5062,289

5063,289

5064,304

5065,289

5066,289

5067,315

5068,289

5069,289

5070,304

5071,289

5072,289

5073,304

5074,289

5075,289

5076,322

5077,289

5078,289

5079,304

5080,289

5081,289

5082,304

5083,289

5084,289

5085,315

5086,289

5087,289

5088,304

5089,289

5090,289

5091,304

5092,289

5093,289

5094,315

5095,289

5096,289

5097,304

5098,289

5099,289

5100,304

5101,289

5102,289

5103,323

5104,289

5105,289

5106,304

5107,289

5108,289

5109,304

5110,289

5111,289

5112,315

5113,289

5114,289

5115,304

5116,289

5117,289

5118,304

5119,289

5120,289

5121,315

5122,289

5123,289

5124,304

5125,289

5126,289

5127,304

5128,289

5129,289

5130,322

5131,289

5132,289

5133,304

5134,289

5135,289

5136,304

5137,289

5138,289

5139,315

5140,289

5141,289

5142,304

5143,289

5144,289

5145,304

5146,289

5147,289

5148,315

5149,289

5150,289

5151,304

5152,289

5153,289

5154,304

5155,289

5156,289

5157,322

5158,289

5159,289

5160,304

5161,289

5162,289

5163,304

5164,289

5165,289

5166,315

5167,289

5168,289

5169,304

5170,289

5171,289

5172,304

5173,289

5174,289

5175,315

5176,289

5177,289

5178,304

5179,289

5180,289

5181,304

5182,289

5183,289

5184,322

5185,289

5186,289

5187,304

5188,289

5189,289

5190,304

5191,289

5192,289

5193,315

5194,289

5195,289

5196,304

5197,289

5198,289

5199,304

5200,289

5201,289

5202,315

5203,289

5204,289

5205,304

5206,289

5207,289

5208,304

5209,289

5210,289

5211,323

5212,289

5213,289

5214,304

5215,289

5216,289

5217,304

5218,289

5219,289

5220,315

5221,289

5222,289

5223,304

5224,289

5225,289

5226,304

5227,289

5228,289

5229,315

5230,289

5231,289

5232,304

5233,289

5234,289

5235,304

5236,289

5237,289

5238,315

5239,289

5240,289

5241,304

5242,289

5243,289

5244,304

5245,289

5246,289

5247,323

5248,289

5249,289

5250,304

5251,289

5252,289

5253,304

5254,289

5255,289

5256,315

5257,289

5258,289

5259,304

5260,289

5261,289

5262,304

5263,289

5264,289

5265,315

5266,289

5267,289

5268,304

5269,289

5270,289

5271,304

5272,289

5273,289

5274,322

5275,289

5276,289

5277,304

5278,289

5279,289

5280,304

5281,289

5282,289

5283,315

5284,289

5285,289

5286,304

5287,289

5288,289

5289,304

5290,289

5291,289

5292,315

5293,289

5294,289

5295,304

5296,289

5297,289

5298,304

5299,289

5300,289

5301,322

5302,289

5303,289

5304,304

5305,289

5306,289

5307,304

5308,289

5309,289

5310,315

5311,289

5312,289

5313,304

5314,289

5315,289

5316,304

5317,289

5318,289

5319,315

5320,289

5321,289

5322,304

5323,289

5324,289

5325,304

5326,289

5327,289

5328,322

5329,289

5330,289

5331,304

5332,289

5333,289

5334,304

5335,289

5336,289

5337,315

5338,289

5339,289

5340,304

5341,289

5342,289

5343,304

5344,289

5345,289

5346,315

5347,289

5348,289

5349,304

5350,289

5351,289

5352,304

5353,289

5354,289

5355,323

5356,289

5357,289

5358,304

5359,289

5360,289

5361,304

5362,289

5363,289

5364,315

5365,289

5366,289

5367,304

5368,289

5369,289

5370,304

5371,289

5372,289

5373,315

5374,289

5375,289

5376,304

5377,289

5378,289

5379,304

5380,289

5381,289

5382,322

5383,289

5384,289

5385,304

5386,289

5387,289

5388,304

5389,289

5390,289

5391,315

5392,289

5393,289

5394,304

5395,289

5396,289

5397,304

5398,289

5399,289

5400,315

5401,289

5402,289

5403,304

5404,289

5405,289

5406,304

5407,289

5408,289

5409,322

5410,289

5411,289

5412,304

5413,289

5414,289

5415,304

5416,289

5417,289

5418,315

5419,289

5420,289

5421,304

5422,289

5423,289

5424,304

5425,289

5426,289

5427,315

5428,289

5429,289

5430,304

5431,289

5432,289

5433,304

5434,289

5435,289

5436,322

5437,289

5438,289

5439,304

5440,289

5441,289

5442,304

5443,289

5444,289

5445,315

5446,289

5447,289

5448,304

5449,289

5450,289

5451,304

5452,289

5453,289

5454,315

5455,289

5456,289

5457,304

5458,289

5459,289

5460,304

5461,289

5462,289

5463,323

5464,289

5465,289

5466,289

5467,323

5468,289

5469,289

5470,304

5471,289

5472,289

5473,304

5474,289

5475,289

5476,315

5477,289

5478,289

5479,304

5480,289

5481,289

5482,304

5483,289

5484,289

5485,315

5486,289

5487,289

5488,304

5489,289

5490,289

5491,304

5492,289

5493,289

5494,322

5495,289

5496,289

5497,304

5498,289

5499,289

5500,304

5501,289

5502,289

5503,315

5504,289

5505,289

5506,304

5507,289

5508,289

5509,304

5510,289

5511,289

5512,315

5513,289

5514,289

5515,304

5516,289

5517,289

5518,304

5519,289

5520,289

5521,322

5522,289

5523,289

5524,304

5525,289

5526,289

5527,304

5528,289

5529,289

5530,315

5531,289

5532,289

5533,304

5534,289

5535,289

5536,304

5537,289

5538,289

5539,315

5540,289

5541,289

5542,304

5543,289

5544,289

5545,304

5546,289

5547,289

5548,322

5549,289

5550,289

5551,304

5552,289

5553,289

5554,304

5555,289

5556,289

5557,315

5558,289

5559,289

5560,304

5561,289

5562,289

5563,304

5564,289

5565,289

5566,315

5567,289

5568,289

5569,304

5570,289

5571,289

5572,304

5573,289

5574,289

5575,323

5576,289

5577,289

5578,304

5579,289

5580,289

5581,304

5582,289

5583,289

5584,315

5585,289

5586,289

5587,304

5588,289

5589,289

5590,304

5591,289

5592,289

5593,315

5594,289

5595,289

5596,304

5597,289

5598,289

5599,304

5600,289

5601,289

5602,322

5603,289

5604,289

5605,304

5606,289

5607,289

5608,304

5609,289

5610,289

5611,315

5612,289

5613,289

5614,304

5615,289

5616,289

5617,304

5618,289

5619,289

5620,315

5621,289

5622,289

5623,304

5624,289

5625,289

5626,304

5627,289

5628,289

5629,322

5630,289

5631,289

5632,304

5633,289

5634,289

5635,304

5636,289

5637,289

5638,315

5639,289

5640,289

5641,304

5642,289

5643,289

5644,304

5645,289

5646,289

5647,315

5648,289

5649,289

5650,304

5651,289

5652,289

5653,304

5654,289

5655,289

5656,322

5657,289

5658,289

5659,304

5660,289

5661,289

5662,304

5663,289

5664,289

5665,315

5666,289

5667,289

5668,304

5669,289

5670,289

5671,304

5672,289

5673,289

5674,315

5675,289

5676,289

5677,304

5678,289

5679,289

5680,304

5681,289

5682,289

5683,323

5684,289

5685,289

5686,304

5687,289

5688,289

5689,304

5690,289

5691,289

5692,315

5693,289

5694,289

5695,304

5696,289

5697,289

5698,304

5699,289

5700,289

5701,315

5702,289

5703,289

5704,304

5705,289

5706,289

5707,304

5708,289

5709,289

5710,315

5711,289

5712,289

5713,304

5714,289

5715,289

5716,304

5717,289

5718,289

5719,323

5720,289

5721,289

5722,304

5723,289

5724,289

5725,304

5726,289

5727,289

5728,315

5729,289

5730,289

5731,304

5732,289

5733,289

5734,304

5735,289

5736,289

5737,315

5738,289

5739,289

5740,304

5741,289

5742,289

5743,304

5744,289

5745,289

5746,322

5747,289

5748,289

5749,304

5750,289

5751,289

5752,304

5753,289

5754,289

5755,315

5756,289

5757,289

5758,304

5759,289

5760,289

5761,304

5762,289

5763,289

5764,315

5765,289

5766,289

5767,304

5768,289

5769,289

5770,304

5771,289

5772,289

5773,322

5774,289

5775,289

5776,304

5777,289

5778,289

5779,304

5780,289

5781,289

5782,315

5783,289

5784,289

5785,304

5786,289

5787,289

5788,304

5789,289

5790,289

5791,315

5792,289

5793,289

5794,304

5795,289

5796,289

5797,304

5798,289

5799,289

5800,322

5801,289

5802,289

5803,304

5804,289

5805,289

5806,304

5807,289

5808,289

5809,315

5810,289

5811,289

5812,304

5813,289

5814,289

5815,304

5816,289

5817,289

5818,315

5819,289

5820,289

5821,304

5822,289

5823,289

5824,304

5825,289

5826,289

5827,323

5828,289

5829,289

5830,304

5831,289

5832,289

5833,304

5834,289

5835,289

5836,315

5837,289

5838,289

5839,304

5840,289

5841,289

5842,304

5843,289

5844,289

5845,315

5846,289

5847,289

5848,304

5849,289

5850,289

5851,304

5852,289

5853,289

5854,322

5855,289

5856,289

5857,304

5858,289

5859,289

5860,304

5861,289

5862,289

5863,315

5864,289

5865,289

5866,304

5867,289

5868,289

5869,304

5870,289

5871,289

5872,315

5873,289

5874,289

5875,304

5876,289

5877,289

5878,304

5879,289

5880,289

5881,322

5882,289

5883,289

5884,304

5885,289

5886,289

5887,304

5888,289

5889,289

5890,315

5891,289

5892,289

5893,304

5894,289

5895,289

5896,304

5897,289

5898,289

5899,315

5900,289

5901,289

5902,304

5903,289

5904,289

5905,304

5906,289

5907,289

5908,322

5909,289

5910,289

5911,304

5912,289

5913,289

5914,304

5915,289

5916,289

5917,315

5918,289

5919,289

5920,304

5921,289

5922,289

5923,304

5924,289

5925,289

5926,315

5927,289

5928,289

5929,304

5930,289

5931,289

5932,304

5933,289

5934,289

5935,323

5936,289

5937,289

5938,304

5939,289

5940,289

5941,304

5942,289

5943,289

5944,315

5945,289

5946,289

5947,304

5948,289

5949,289

5950,304

5951,289

5952,289

5953,315

5954,289

5955,289

5956,304

5957,289

5958,289

5959,304

5960,289

5961,289

5962,315

5963,289

5964,289

5965,304

5966,289

5967,289

5968,304

5969,289

5970,289

5971,323

5972,289

5973,289

5974,304

5975,289

5976,289

5977,304

5978,289

5979,289

5980,315

5981,289

5982,289

5983,304

5984,289

5985,289

5986,304

5987,289

5988,289

5989,315

5990,289

5991,289

5992,304

5993,289

5994,289

5995,304

5996,289

5997,289

5998,322

5999,289

6000,289

6001,304

6002,289

6003,289

6004,304

6005,289

6006,289

6007,315

6008,289

6009,289

6010,304

6011,289

6012,289

6013,304

6014,289

6015,289

6016,315

6017,289

6018,289

6019,304

6020,289

6021,289

6022,304

6023,289

6024,289

6025,322

6026,289

6027,289

6028,304

6029,289

6030,289

6031,304

6032,289

6033,289

6034,315

6035,289

6036,289

6037,304

6038,289

6039,289

6040,304

6041,289

6042,289

6043,315

6044,289

6045,289

6046,304

6047,289

6048,289

6049,304

6050,289

6051,289

6052,322

6053,289

6054,289

6055,304

6056,289

6057,289

6058,304

6059,289

6060,289

6061,315

6062,289

6063,289

6064,304

6065,289

6066,289

6067,304

6068,289

6069,289

6070,315

6071,289

6072,289

6073,304

6074,289

6075,289

6076,304

6077,289

6078,289

6079,323

6080,289

6081,289

6082,304

6083,289

6084,289

6085,304

6086,289

6087,289

6088,315

6089,289

6090,289

6091,304

6092,289

6093,289

6094,304

6095,289

6096,289

6097,315

6098,289

6099,289

6100,304

6101,289

6102,289

6103,304

6104,289

6105,289

6106,322

6107,289

6108,289

6109,304

6110,289

6111,289

6112,304

6113,289

6114,289

6115,315

6116,289

6117,289

6118,304

6119,289

6120,289

6121,304

6122,289

6123,289

6124,315

6125,289

6126,289

6127,304

6128,289

6129,289

6130,304

6131,289

6132,289

6133,322

6134,289

6135,289

6136,304

6137,289

6138,289

6139,304

6140,289

6141,289

6142,315

6143,289

6144,289

6145,304

6146,289

6147,289

6148,304

6149,289

6150,289

6151,315

6152,289

6153,289

6154,304

6155,289

6156,289

6157,304

6158,289

6159,289

6160,322

6161,289

6162,289

6163,304

6164,289

6165,289

6166,304

6167,289

6168,289

6169,315

6170,289

6171,289

6172,304

6173,289

6174,289

6175,304

6176,289

6177,289

6178,315

6179,289

6180,289

6181,304

6182,289

6183,289

6184,304

6185,289

6186,289

6187,323

6188,289

6189,289

6190,304

6191,289

6192,289

6193,304

6194,289

6195,289

6196,304

6197,289

6198,289

6199,323

6200,289

6201,289

6202,304

6203,289

6204,289

6205,304

6206,289

6207,289

6208,315

6209,289

6210,289

6211,304

6212,289

6213,289

6214,304

6215,289

6216,289

6217,315

6218,289

6219,289

6220,304

6221,289

6222,289

6223,304

6224,289

6225,289

6226,322

6227,289

6228,289

6229,304

6230,289

6231,289

6232,304

6233,289

6234,289

6235,315

6236,289

6237,289

6238,304

6239,289

6240,289

6241,304

6242,289

6243,289

6244,315

6245,289

6246,289

6247,304

6248,289

6249,289

6250,304

6251,289

6252,289

6253,322

6254,289

6255,289

6256,304

6257,289

6258,289

6259,304

6260,289

6261,289

6262,315

6263,289

6264,289

6265,304

6266,289

6267,289

6268,304

6269,289

6270,289

6271,315

6272,289

6273,289

6274,304

6275,289

6276,289

6277,304

6278,289

6279,289

6280,322

6281,289

6282,289

6283,304

6284,289

6285,289

6286,304

6287,289

6288,289

6289,315

6290,289

6291,289

6292,304

6293,289

6294,289

6295,304

6296,289

6297,289

6298,315

6299,289

6300,289

6301,304

6302,289

6303,289

6304,304

6305,289

6306,289

6307,323

6308,289

6309,289

6310,304

6311,289

6312,289

6313,304

6314,289

6315,289

6316,315

6317,289

6318,289

6319,304

6320,289

6321,289

6322,304

6323,289

6324,289

6325,315

6326,289

6327,289

6328,304

6329,289

6330,289

6331,304

6332,289

6333,289

6334,322

6335,289

6336,289

6337,304

6338,289

6339,289

6340,304

6341,289

6342,289

6343,315

6344,289

6345,289

6346,304

6347,289

6348,289

6349,304

6350,289

6351,289

6352,315

6353,289

6354,289

6355,304

6356,289

6357,289

6358,304

6359,289

6360,289

6361,322

6362,289

6363,289

6364,304

6365,289

6366,289

6367,304

6368,289

6369,289

6370,315

6371,289

6372,289

6373,304

6374,289

6375,289

6376,304

6377,289

6378,289

6379,315

6380,289

6381,289

6382,304

6383,289

6384,289

6385,304

6386,289

6387,289

6388,322

6389,289

6390,289

6391,304

6392,289

6393,289

6394,304

6395,289

6396,289

6397,315

6398,289

6399,289

6400,304

6401,289

6402,289

6403,304

6404,289

6405,289

6406,315

6407,289

6408,289

6409,304

6410,289

6411,289

6412,304

6413,289

6414,289

6415,323

6416,289

6417,289

6418,304

6419,289

6420,289

6421,304

6422,289

6423,289

6424,315

6425,289

6426,289

6427,304

6428,289

6429,289

6430,304

6431,289

6432,289

6433,315

6434,289

6435,289

6436,304

6437,289

6438,289

6439,304

6440,289

6441,289

6442,315

6443,289

6444,289

6445,304

6446,289

6447,289

6448,304

6449,289

6450,289

6451,323

6452,289

6453,289

6454,304

6455,289

6456,289

6457,304

6458,289

6459,289

6460,315

6461,289

6462,289

6463,304

6464,289

6465,289

6466,304

6467,289

6468,289

6469,315

6470,289

6471,289

6472,304

6473,289

6474,289

6475,304

6476,289

6477,289

6478,322

6479,289

6480,289

6481,304

6482,289

6483,289

6484,304

6485,289

6486,289

6487,315

6488,289

6489,289

6490,304

6491,289

6492,289

6493,304

6494,289

6495,289

6496,315

6497,289

6498,289

6499,304

6500,289

6501,289

6502,304

6503,289

6504,289

6505,322

6506,289

6507,289

6508,304

6509,289

6510,289

6511,304

6512,289

6513,289

6514,315

6515,289

6516,289

6517,304

6518,289

6519,289

6520,304

6521,289

6522,289

6523,315

6524,289

6525,289

6526,304

6527,289

6528,289

6529,304

6530,289

6531,289

6532,322

6533,289

6534,289

6535,304

6536,289

6537,289

6538,304

6539,289

6540,289

6541,315

6542,289

6543,289

6544,304

6545,289

6546,289

6547,304

6548,289

6549,289

6550,315

6551,289

6552,289

6553,304

6554,289

6555,289

6556,304

6557,289

6558,289

6559,323

6560,289

6561,289

6562,304

6563,289

6564,289

6565,304

6566,289

6567,289

6568,315

6569,289

6570,289

6571,304

6572,289

6573,289

6574,304

6575,289

6576,289

6577,315

6578,289

6579,289

6580,304

6581,289

6582,289

6583,304

6584,289

6585,289

6586,322

6587,289

6588,289

6589,304

6590,289

6591,289

6592,304

6593,289

6594,289

6595,315

6596,289

6597,289

6598,304

6599,289

6600,289

6601,304

6602,289

6603,289

6604,315

6605,289

6606,289

6607,304

6608,289

6609,289

6610,304

6611,289

6612,289

6613,322

6614,289

6615,289

6616,304

6617,289

6618,289

6619,304

6620,289

6621,289

6622,315

6623,289

6624,289

6625,304

6626,289

6627,289

6628,304

6629,289

6630,289

6631,315

6632,289

6633,289

6634,304

6635,289

6636,289

6637,304

6638,289

6639,289

6640,322

6641,289

6642,289

6643,304

6644,289

6645,289

6646,304

6647,289

6648,289

6649,315

6650,289

6651,289

6652,304

6653,289

6654,289

6655,304

6656,289

6657,289

6658,315

6659,289

6660,289

6661,304

6662,289

6663,289

6664,304

6665,289

6666,289

6667,323

6668,289

6669,289

6670,304

6671,289

6672,289

6673,304

6674,289

6675,289

6676,315

6677,289

6678,289

6679,304

6680,289

6681,289

6682,304

6683,289

6684,289

6685,315

6686,289

6687,289

6688,304

6689,289

6690,289

6691,304

6692,289

6693,289

6694,315

6695,289

6696,289

6697,304

6698,289

6699,289

6700,304

6701,289

6702,289

6703,323

6704,289

6705,289

6706,304

6707,289

6708,289

6709,304

6710,289

6711,289

6712,315

6713,289

6714,289

6715,304

6716,289

6717,289

6718,304

6719,289

6720,289

6721,315

6722,289

6723,289

6724,304

6725,289

6726,289

6727,304

6728,289

6729,289

6730,322

6731,289

6732,289

6733,304

6734,289

6735,289

6736,304

6737,289

6738,289

6739,315

6740,289

6741,289

6742,304

6743,289

6744,289

6745,304

6746,289

6747,289

6748,315

6749,289

6750,289

6751,304

6752,289

6753,289

6754,304

6755,289

6756,289

6757,322

6758,289

6759,289

6760,304

6761,289

6762,289

6763,304

6764,289

6765,289

6766,315

6767,289

6768,289

6769,304

6770,289

6771,289

6772,304

6773,289

6774,289

6775,315

6776,289

6777,289

6778,304

6779,289

6780,289

6781,304

6782,289

6783,289

6784,322

6785,289

6786,289

6787,304

6788,289

6789,289

6790,304

6791,289

6792,289

6793,315

6794,289

6795,289

6796,304

6797,289

6798,289

6799,304

6800,289

6801,289

6802,315

6803,289

6804,289

6805,304

6806,289

6807,289

6808,304

6809,289

6810,289

6811,323

6812,289

6813,289

6814,304

6815,289

6816,289

6817,304

6818,289

6819,289

6820,315

6821,289

6822,289

6823,304

6824,289

6825,289

6826,304

6827,289

6828,289

6829,315

6830,289

6831,289

6832,304

6833,289

6834,289

6835,304

6836,289

6837,289

6838,322

6839,289

6840,289

6841,304

6842,289

6843,289

6844,304

6845,289

6846,289

6847,315

6848,289

6849,289

6850,304

6851,289

6852,289

6853,304

6854,289

6855,289

6856,315

6857,289

6858,289

6859,304

6860,289

6861,289

6862,304

6863,289

6864,289

6865,322

6866,289

6867,289

6868,304

6869,289

6870,289

6871,304

6872,289

6873,289

6874,315

6875,289

6876,289

6877,304

6878,289

6879,289

6880,304

6881,289

6882,289

6883,315

6884,289

6885,289

6886,304

6887,289

6888,289

6889,304

6890,289

6891,289

6892,322

6893,289

6894,289

6895,304

6896,289

6897,289

6898,304

6899,289

6900,289

6901,315

6902,289

6903,289

6904,304

6905,289

6906,289

6907,304

6908,289

6909,289

6910,315

6911,289

6912,289

6913,304

6914,289

6915,289

6916,304

6917,289

6918,289

6919,323

6920,289

6921,289

6922,304

6923,289

6924,289

6925,304

6926,289

6927,289

6928,304

6929,289

6930,289

6931,323

6932,289

6933,289

6934,304

6935,289

6936,289

6937,304

6938,289

6939,289

6940,315

6941,289

6942,289

6943,304

6944,289

6945,289

6946,304

6947,289

6948,289

6949,315

6950,289

6951,289

6952,304

6953,289

6954,289

6955,304

6956,289

6957,289

6958,322

6959,289

6960,289

6961,304

6962,289

6963,289

6964,304

6965,289

6966,289

6967,315

6968,289

6969,289

6970,304

6971,289

6972,289

6973,304

6974,289

6975,289

6976,315

6977,289

6978,289

6979,304

6980,289

6981,289

6982,304

6983,289

6984,289

6985,322

6986,289

6987,289

6988,304

6989,289

6990,289

6991,304

6992,289

6993,289

6994,315

6995,289

6996,289

6997,304

6998,289

6999,289

7000,304

7001,289

7002,289

7003,315

7004,289

7005,289

7006,304

7007,289

7008,289

7009,304

7010,289

7011,289

7012,322

7013,289

7014,289

7015,304

7016,289

7017,289

7018,304

7019,289

7020,289

7021,315

7022,289

7023,289

7024,304

7025,289

7026,289

7027,304

7028,289

7029,289

7030,315

7031,289

7032,289

7033,304

7034,289

7035,289

7036,304

7037,289

7038,289

7039,323

7040,289

7041,289

7042,304

7043,289

7044,289

7045,304

7046,289

7047,289

7048,315

7049,289

7050,289

7051,304

7052,289

7053,289

7054,304

7055,289

7056,289

7057,315

7058,289

7059,289

7060,304

7061,289

7062,289

7063,304

7064,289

7065,289

7066,322

7067,289

7068,289

7069,304

7070,289

7071,289

7072,304

7073,289

7074,289

7075,315

7076,289

7077,289

7078,304

7079,289

7080,289

7081,304

7082,289

7083,289

7084,315

7085,289

7086,289

7087,304

7088,289

7089,289

7090,304

7091,289

7092,289

7093,322

7094,289

7095,289

7096,304

7097,289

7098,289

7099,304

7100,289

7101,289

7102,315

7103,289

7104,289

7105,304

7106,289

7107,289

7108,304

7109,289

7110,289

7111,315

7112,289

7113,289

7114,304

7115,289

7116,289

7117,304

7118,289

7119,289

7120,322

7121,289

7122,289

7123,304

7124,289

7125,289

7126,304

7127,289

7128,289

7129,315

7130,289

7131,289

7132,304

7133,289

7134,289

7135,304

7136,289

7137,289

7138,315

7139,289

7140,289

7141,304

7142,289

7143,289

7144,304

7145,289

7146,289

7147,323

7148,289

7149,289

7150,304

7151,289

7152,289

7153,304

7154,289

7155,289

7156,315

7157,289

7158,289

7159,304

7160,289

7161,289

7162,304

7163,289

7164,289

7165,315

7166,289

7167,289

7168,304

7169,289

7170,289

7171,304

7172,289

7173,289

7174,315

7175,289

7176,289

7177,304

7178,289

7179,289

7180,304

7181,289

7182,289

7183,323

7184,289

7185,289

7186,304

7187,289

7188,289

7189,304

7190,289

7191,289

7192,315

7193,289

7194,289

7195,304

7196,289

7197,289

7198,304

7199,289

7200,289

7201,315

7202,289

7203,289

7204,304

7205,289

7206,289

7207,304

7208,289

7209,289

7210,322

7211,289

7212,289

7213,304

7214,289

7215,289

7216,304

7217,289

7218,289

7219,315

7220,289

7221,289

7222,304

7223,289

7224,289

7225,304

7226,289

7227,289

7228,315

7229,289

7230,289

7231,304

7232,289

7233,289

7234,304

7235,289

7236,289

7237,322

7238,289

7239,289

7240,304

7241,289

7242,289

7243,304

7244,289

7245,289

7246,315

7247,289

7248,289

7249,304

7250,289

7251,289

7252,304

7253,289

7254,289

7255,315

7256,289

7257,289

7258,304

7259,289

7260,289

7261,304

7262,289

7263,289

7264,322

7265,289

7266,289

7267,304

7268,289

7269,289

7270,304

7271,289

7272,289

7273,315

7274,289

7275,289

7276,304

7277,289

7278,289

7279,304

7280,289

7281,289

7282,315

7283,289

7284,289

7285,304

7286,289

7287,289

7288,304

7289,289

7290,289

7291,323

7292,289

7293,289

7294,304

7295,289

7296,289

7297,304

7298,289

7299,289

7300,315

7301,289

7302,289

7303,304

7304,289

7305,289

7306,304

7307,289

7308,289

7309,315

7310,289

7311,289

7312,304

7313,289

7314,289

7315,304

7316,289

7317,289

7318,322

7319,289

7320,289

7321,304

7322,289

7323,289

7324,304

7325,289

7326,289

7327,315

7328,289

7329,289

7330,304

7331,289

7332,289

7333,304

7334,289

7335,289

7336,315

7337,289

7338,289

7339,304

7340,289

7341,289

7342,304

7343,289

7344,289

7345,322

7346,289

7347,289

7348,304

7349,289

7350,289

7351,304

7352,289

7353,289

7354,315

7355,289

7356,289

7357,304

7358,289

7359,289

7360,304

7361,289

7362,289

7363,315

7364,289

7365,289

7366,304

7367,289

7368,289

7369,304

7370,289

7371,289

7372,322

7373,289

7374,289

7375,304

7376,289

7377,289

7378,304

7379,289

7380,289

7381,315

7382,289

7383,289

7384,304

7385,289

7386,289

7387,304

7388,289

7389,289

7390,315

7391,289

7392,289

7393,304

7394,289

7395,289

7396,304

7397,289

7398,289

7399,323

7400,289

7401,289

7402,304

7403,289

7404,289

7405,304

7406,289

7407,289

7408,315

7409,289

7410,289

7411,304

7412,289

7413,289

7414,304

7415,289

7416,289

7417,315

7418,289

7419,289

7420,304

7421,289

7422,289

7423,304

7424,289

7425,289

7426,315

7427,289

7428,289

7429,304

7430,289

7431,289

7432,304

7433,289

7434,289

7435,323

7436,289

7437,289

7438,304

7439,289

7440,289

7441,304

7442,289

7443,289

7444,315

7445,289

7446,289

7447,304

7448,289

7449,289

7450,304

7451,289

7452,289

7453,315

7454,289

7455,289

7456,304

7457,289

7458,289

7459,304

7460,289

7461,289

7462,322

7463,289

7464,289

7465,304

7466,289

7467,289

7468,304

7469,289

7470,289

7471,315

7472,289

7473,289

7474,304

7475,289

7476,289

7477,304

7478,289

7479,289

7480,315

7481,289

7482,289

7483,304

7484,289

7485,289

7486,304

7487,289

7488,289

7489,322

7490,289

7491,289

7492,304

7493,289

7494,289

7495,304

7496,289

7497,289

7498,315

7499,289

7500,289

7501,304

7502,289

7503,289

7504,304

7505,289

7506,289

7507,315

7508,289

7509,289

7510,304

7511,289

7512,289

7513,304

7514,289

7515,289

7516,322

7517,289

7518,289

7519,304

7520,289

7521,289

7522,304

7523,289

7524,289

7525,315

7526,289

7527,289

7528,304

7529,289

7530,289

7531,304

7532,289

7533,289

7534,315

7535,289

7536,289

7537,304

7538,289

7539,289

7540,304

7541,289

7542,289

7543,323

7544,289

7545,289

7546,304

7547,289

7548,289

7549,304

7550,289

7551,289

7552,315

7553,289

7554,289

7555,304

7556,289

7557,289

7558,304

7559,289

7560,289

7561,315

7562,289

7563,289

7564,304

7565,289

7566,289

7567,304

7568,289

7569,289

7570,322

7571,289

7572,289

7573,304

7574,289

7575,289

7576,304

7577,289

7578,289

7579,315

7580,289

7581,289

7582,304

7583,289

7584,289

7585,304

7586,289

7587,289

7588,315

7589,289

7590,289

7591,304

7592,289

7593,289

7594,304

7595,289

7596,289

7597,322

7598,289

7599,289

7600,304

7601,289

7602,289

7603,304

7604,289

7605,289

7606,315

7607,289

7608,289

7609,304

7610,289

7611,289

7612,304

7613,289

7614,289

7615,315

7616,289

7617,289

7618,304

7619,289

7620,289

7621,304

7622,289

7623,289

7624,322

7625,289

7626,289

7627,304

7628,289

7629,289

7630,304

7631,289

7632,289

7633,315

7634,289

7635,289

7636,304

7637,289

7638,289

7639,304

7640,289

7641,289

7642,315

7643,289

7644,289

7645,304

7646,289

7647,289

7648,304

7649,289

7650,289

7651,323

7652,289

7653,289

7654,289

7655,323

7656,289

7657,289

7658,304

7659,289

7660,289

7661,304

7662,289

7663,289

7664,315

7665,289

7666,289

7667,304

7668,289

7669,289

7670,304

7671,289

7672,289

7673,315

7674,289

7675,289

7676,304

7677,289

7678,289

7679,304

7680,289

7681,289

7682,322

7683,289

7684,289

7685,304

7686,289

7687,289

7688,304

7689,289

7690,289

7691,315

7692,289

7693,289

7694,304

7695,289

7696,289

7697,304

7698,289

7699,289

7700,315

7701,289

7702,289

7703,304

7704,289

7705,289

7706,304

7707,289

7708,289

7709,322

7710,289

7711,289

7712,304

7713,289

7714,289

7715,304

7716,289

7717,289

7718,315

7719,289

7720,289

7721,304

7722,289

7723,289

7724,304

7725,289

7726,289

7727,315

7728,289

7729,289

7730,304

7731,289

7732,289

7733,304

7734,289

7735,289

7736,322

7737,289

7738,289

7739,304

7740,289

7741,289

7742,304

7743,289

7744,289

7745,315

7746,289

7747,289

7748,304

7749,289

7750,289

7751,304

7752,289

7753,289

7754,315

7755,289

7756,289

7757,304

7758,289

7759,289

7760,304

7761,289

7762,289

7763,323

7764,289

7765,289

7766,304

7767,289

7768,289

7769,304

7770,289

7771,289

7772,315

7773,289

7774,289

7775,304

7776,289

7777,289

7778,304

7779,289

7780,289

7781,315

7782,289

7783,289

7784,304

7785,289

7786,289

7787,304

7788,289

7789,289

7790,322

7791,289

7792,289

7793,304

7794,289

7795,289

7796,304

7797,289

7798,289

7799,315

7800,289

7801,289

7802,304

7803,289

7804,289

7805,304

7806,289

7807,289

7808,315

7809,289

7810,289

7811,304

7812,289

7813,289

7814,304

7815,289

7816,289

7817,322

7818,289

7819,289

7820,304

7821,289

7822,289

7823,304

7824,289

7825,289

7826,315

7827,289

7828,289

7829,304

7830,289

7831,289

7832,304

7833,289

7834,289

7835,315

7836,289

7837,289

7838,304

7839,289

7840,289

7841,304

7842,289

7843,289

7844,322

7845,289

7846,289

7847,304

7848,289

7849,289

7850,304

7851,289

7852,289

7853,315

7854,289

7855,289

7856,304

7857,289

7858,289

7859,304

7860,289

7861,289

7862,315

7863,289

7864,289

7865,304

7866,289

7867,289

7868,304

7869,289

7870,289

7871,323

7872,289

7873,289

7874,304

7875,289

7876,289

7877,304

7878,289

7879,289

7880,315

7881,289

7882,289

7883,304

7884,289

7885,289

7886,304

7887,289

7888,289

7889,315

7890,289

7891,289

7892,304

7893,289

7894,289

7895,304

7896,289

7897,289

7898,315

7899,289

7900,289

7901,304

7902,289

7903,289

7904,304

7905,289

7906,289

7907,323

7908,289

7909,289

7910,304

7911,289

7912,289

7913,304

7914,289

7915,289

7916,315

7917,289

7918,289

7919,304

7920,289

7921,289

7922,304

7923,289

7924,289

7925,315

7926,289

7927,289

7928,304

7929,289

7930,289

7931,304

7932,289

7933,289

7934,322

7935,289

7936,289

7937,304

7938,289

7939,289

7940,304

7941,289

7942,289

7943,315

7944,289

7945,289

7946,304

7947,289

7948,289

7949,304

7950,289

7951,289

7952,315

7953,289

7954,289

7955,304

7956,289

7957,289

7958,304

7959,289

7960,289

7961,322

7962,289

7963,289

7964,304

7965,289

7966,289

7967,304

7968,289

7969,289

7970,315

7971,289

7972,289

7973,304

7974,289

7975,289

7976,304

7977,289

7978,289

7979,315

7980,289

7981,289

7982,304

7983,289

7984,289

7985,304

7986,289

7987,289

7988,322

7989,289

7990,289

7991,304

7992,289

7993,289

7994,304

7995,289

7996,289

7997,315

7998,289

7999,289

8000,304

8001,289

8002,289

8003,304

8004,289

8005,289

8006,315

8007,289

8008,289

8009,304

8010,289

8011,289

8012,304

8013,289

8014,289

8015,323

8016,289

8017,289

8018,304

8019,289

8020,289

8021,304

8022,289

8023,289

8024,315

8025,289

8026,289

8027,304

8028,289

8029,289

8030,304

8031,289

8032,289

8033,315

8034,289

8035,289

8036,304

8037,289

8038,289

8039,304

8040,289

8041,289

8042,322

8043,289

8044,289

8045,304

8046,289

8047,289

8048,304

8049,289

8050,289

8051,315

8052,289

8053,289

8054,304

8055,289

8056,289

8057,304

8058,289

8059,289

8060,315

8061,289

8062,289

8063,304

8064,289

8065,289

8066,304

8067,289

8068,289

8069,322

8070,289

8071,289

8072,304

8073,289

8074,289

8075,304

8076,289

8077,289

8078,315

8079,289

8080,289

8081,304

8082,289

8083,289

8084,304

8085,289

8086,289

8087,315

8088,289

8089,289

8090,304

8091,289

8092,289

8093,304

8094,289

8095,289

8096,322

8097,289

8098,289

8099,304

8100,289

8101,289

8102,304

8103,289

8104,289

8105,315

8106,289

8107,289

8108,304

8109,289

8110,289

8111,304

8112,289

8113,289

8114,315

8115,289

8116,289

8117,304

8118,289

8119,289

8120,304

8121,289

8122,289

8123,323

8124,289

8125,289

8126,304

8127,289

8128,289

8129,304

8130,289

8131,289

8132,315

8133,289

8134,289

8135,304

8136,289

8137,289

8138,304

8139,289

8140,289

8141,315

8142,289

8143,289

8144,304

8145,289

8146,289

8147,304

8148,289

8149,289

8150,315

8151,289

8152,289

8153,304

8154,289

8155,289

8156,304

8157,289

8158,289

8159,323

8160,289

8161,289

8162,304

8163,289

8164,289

8165,304

8166,289

8167,289

8168,315

8169,289

8170,289

8171,304

8172,289

8173,289

8174,304

8175,289

8176,289

8177,315

8178,289

8179,289

8180,304

8181,289

8182,289

8183,304

8184,289

8185,289

8186,322

8187,289

8188,289

8189,304

8190,289

8191,289

8192,304

8193,289

8194,289

8195,315

8196,289

8197,289

8198,304

8199,289

8200,289

8201,304

8202,289

8203,289

8204,315

8205,289

8206,289

8207,304

8208,289

8209,289

8210,304

8211,289

8212,289

8213,322

8214,289

8215,289

8216,304

8217,289

8218,289

8219,304

8220,289

8221,289

8222,315

8223,289

8224,289

8225,304

8226,289

8227,289

8228,304

8229,289

8230,289

8231,315

8232,289

8233,289

8234,304

8235,289

8236,289

8237,304

8238,289

8239,289

8240,322

8241,289

8242,289

8243,304

8244,289

8245,289

8246,304

8247,289

8248,289

8249,315

8250,289

8251,289

8252,304

8253,289

8254,289

8255,304

8256,289

8257,289

8258,315

8259,289

8260,289

8261,304

8262,289

8263,289

8264,304

8265,289

8266,289

8267,323

8268,289

8269,289

8270,304

8271,289

8272,289

8273,304

8274,289

8275,289

8276,315

8277,289

8278,289

8279,304

8280,289

8281,289

8282,304

8283,289

8284,289

8285,315

8286,289

8287,289

8288,304

8289,289

8290,289

8291,304

8292,289

8293,289

8294,322

8295,289

8296,289

8297,304

8298,289

8299,289

8300,304

8301,289

8302,289

8303,315

8304,289

8305,289

8306,304

8307,289

8308,289

8309,304

8310,289

8311,289

8312,315

8313,289

8314,289

8315,304

8316,289

8317,289

8318,304

8319,289

8320,289

8321,322

8322,289

8323,289

8324,304

8325,289

8326,289

8327,304

8328,289

8329,289

8330,315

8331,289

8332,289

8333,304

8334,289

8335,289

8336,304

8337,289

8338,289

8339,315

8340,289

8341,289

8342,304

8343,289

8344,289

8345,304

8346,289

8347,289

8348,322

8349,289

8350,289

8351,304

8352,289

8353,289

8354,304

8355,289

8356,289

8357,315

8358,289

8359,289

8360,304

8361,289

8362,289

8363,304

8364,289

8365,289

8366,315

8367,289

8368,289

8369,304

8370,289

8371,289

8372,304

8373,289

8374,289

8375,323

8376,289

8377,289

8378,304

8379,289

8380,289

8381,304

8382,289

8383,289

8384,304

8385,289

8386,289

8387,323

8388,289

8389,289

8390,304

8391,289

8392,289

8393,304

8394,289

8395,289

8396,315

8397,289

8398,289

8399,304

8400,289

8401,289

8402,304

8403,289

8404,289

8405,315

8406,289

8407,289

8408,304

8409,289

8410,289

8411,304

8412,289

8413,289

8414,322

8415,289

8416,289

8417,304

8418,289

8419,289

8420,304

8421,289

8422,289

8423,315

8424,289

8425,289

8426,304

8427,289

8428,289

8429,304

8430,289

8431,289

8432,315

8433,289

8434,289

8435,304

8436,289

8437,289

8438,304

8439,289

8440,289

8441,322

8442,289

8443,289

8444,304

8445,289

8446,289

8447,304

8448,289

8449,289

8450,315

8451,289

8452,289

8453,304

8454,289

8455,289

8456,304

8457,289

8458,289

8459,315

8460,289

8461,289

8462,304

8463,289

8464,289

8465,304

8466,289

8467,289

8468,322

8469,289

8470,289

8471,304

8472,289

8473,289

8474,304

8475,289

8476,289

8477,315

8478,289

8479,289

8480,304

8481,289

8482,289

8483,304

8484,289

8485,289

8486,315

8487,289

8488,289

8489,304

8490,289

8491,289

8492,304

8493,289

8494,289

8495,323

8496,289

8497,289

8498,304

8499,289

8500,289

8501,304

8502,289

8503,289

8504,315

8505,289

8506,289

8507,304

8508,289

8509,289

8510,304

8511,289

8512,289

8513,315

8514,289

8515,289

8516,304

8517,289

8518,289

8519,304

8520,289

8521,289

8522,322

8523,289

8524,289

8525,304

8526,289

8527,289

8528,304

8529,289

8530,289

8531,315

8532,289

8533,289

8534,304

8535,289

8536,289

8537,304

8538,289

8539,289

8540,315

8541,289

8542,289

8543,304

8544,289

8545,289

8546,304

8547,289

8548,289

8549,322

8550,289

8551,289

8552,304

8553,289

8554,289

8555,304

8556,289

8557,289

8558,315

8559,289

8560,289

8561,304

8562,289

8563,289

8564,304

8565,289

8566,289

8567,315

8568,289

8569,289

8570,304

8571,289

8572,289

8573,304

8574,289

8575,289

8576,322

8577,289

8578,289

8579,304

8580,289

8581,289

8582,304

8583,289

8584,289

8585,315

8586,289

8587,289

8588,304

8589,289

8590,289

8591,304

8592,289

8593,289

8594,315

8595,289

8596,289

8597,304

8598,289

8599,289

8600,304

8601,289

8602,289

8603,323

8604,289

8605,289

8606,304

8607,289

8608,289

8609,304

8610,289

8611,289

8612,315

8613,289

8614,289

8615,304

8616,289

8617,289

8618,304

8619,289

8620,289

8621,315

8622,289

8623,289

8624,304

8625,289

8626,289

8627,304

8628,289

8629,289

8630,315

8631,289

8632,289

8633,304

8634,289

8635,289

8636,304

8637,289

8638,289

8639,323

8640,289

8641,289

8642,304

8643,289

8644,289

8645,304

8646,289

8647,289

8648,315

8649,289

8650,289

8651,304

8652,289

8653,289

8654,304

8655,289

8656,289

8657,315

8658,289

8659,289

8660,304

8661,289

8662,289

8663,304

8664,289

8665,289

8666,322

8667,289

8668,289

8669,304

8670,289

8671,289

8672,304

8673,289

8674,289

8675,315

8676,289

8677,289

8678,304

8679,289

8680,289

8681,304

8682,289

8683,289

8684,315

8685,289

8686,289

8687,304

8688,289

8689,289

8690,304

8691,289

8692,289

8693,322

8694,289

8695,289

8696,304

8697,289

8698,289

8699,304

8700,289

8701,289

8702,315

8703,289

8704,289

8705,304

8706,289

8707,289

8708,304

8709,289

8710,289

8711,315

8712,289

8713,289

8714,304

8715,289

8716,289

8717,304

8718,289

8719,289

8720,322

8721,289

8722,289

8723,304

8724,289

8725,289

8726,304

8727,289

8728,289

8729,315

8730,289

8731,289

8732,304

8733,289

8734,289

8735,304

8736,289

8737,289

8738,315

8739,289

8740,289

8741,304

8742,289

8743,289

8744,304

8745,289

8746,289

8747,323

8748,289

8749,289

8750,304

8751,289

8752,289

8753,304

8754,289

8755,289

8756,315

8757,289

8758,289

8759,304

8760,289

8761,289

8762,304

8763,289

8764,289

8765,315

8766,289

8767,289

8768,304

8769,289

8770,289

8771,304

8772,289

8773,289

8774,322

8775,289

8776,289

8777,304

8778,289

8779,289

8780,304

8781,289

8782,289

8783,315

8784,289

8785,289

8786,304

8787,289

8788,289

8789,304

8790,289

8791,289

8792,315

8793,289

8794,289

8795,304

8796,289

8797,289

8798,304

8799,289

8800,289

8801,322

8802,289

8803,289

8804,304

8805,289

8806,289

8807,304

8808,289

8809,289

8810,315

8811,289

8812,289

8813,304

8814,289

8815,289

8816,304

8817,289

8818,289

8819,315

8820,289

8821,289

8822,304

8823,289

8824,289

8825,304

8826,289

8827,289

8828,322

8829,289

8830,289

8831,304

8832,289

8833,289

8834,304

8835,289

8836,289

8837,315

8838,289

8839,289

8840,304

8841,289

8842,289

8843,304

8844,289

8845,289

8846,315

8847,289

8848,289

8849,304

8850,289

8851,289

8852,304

8853,289

8854,289

8855,323

8856,289

8857,289

8858,304

8859,289

8860,289

8861,304

8862,289

8863,289

8864,315

8865,289

8866,289

8867,304

8868,289

8869,289

8870,304

8871,289

8872,289

8873,315

8874,289

8875,289

8876,304

8877,289

8878,289

8879,304

8880,289

8881,289

8882,315

8883,289

8884,289

8885,304

8886,289

8887,289

8888,304

8889,289

8890,289

8891,323

8892,289

8893,289

8894,304

8895,289

8896,289

8897,304

8898,289

8899,289

8900,315

8901,289

8902,289

8903,304

8904,289

8905,289

8906,304

8907,289

8908,289

8909,315

8910,289

8911,289

8912,304

8913,289

8914,289

8915,304

8916,289

8917,289

8918,322

8919,289

8920,289

8921,304

8922,289

8923,289

8924,304

8925,289

8926,289

8927,315

8928,289

8929,289

8930,304

8931,289

8932,289

8933,304

8934,289

8935,289

8936,315

8937,289

8938,289

8939,304

8940,289

8941,289

8942,304

8943,289

8944,289

8945,322

8946,289

8947,289

8948,304

8949,289

8950,289

8951,304

8952,289

8953,289

8954,315

8955,289

8956,289

8957,304

8958,289

8959,289

8960,304

8961,289

8962,289

8963,315

8964,289

8965,289

8966,304

8967,289

8968,289

8969,304

8970,289

8971,289

8972,322

8973,289

8974,289

8975,304

8976,289

8977,289

8978,304

8979,289

8980,289

8981,315

8982,289

8983,289

8984,304

8985,289

8986,289

8987,304

8988,289

8989,289

8990,315

8991,289

8992,289

8993,304

8994,289

8995,289

8996,304

8997,289

8998,289

8999,323

9000,289

9001,289

9002,304

9003,289

9004,289

9005,304

9006,289

9007,289

9008,315

9009,289

9010,289

9011,304

9012,289

9013,289

9014,304

9015,289

9016,289

9017,315

9018,289

9019,289

9020,304

9021,289

9022,289

9023,304

9024,289

9025,289

9026,322

9027,289

9028,289

9029,304

9030,289

9031,289

9032,304

9033,289

9034,289

9035,315

9036,289

9037,289

9038,304

9039,289

9040,289

9041,304

9042,289

9043,289

9044,315

9045,289

9046,289

9047,304

9048,289

9049,289

9050,304

9051,289

9052,289

9053,322

9054,289

9055,289

9056,304

9057,289

9058,289

9059,304

9060,289

9061,289

9062,315

9063,289

9064,289

9065,304

9066,289

9067,289

9068,304

9069,289

9070,289

9071,315

9072,289

9073,289

9074,304

9075,289

9076,289

9077,304

9078,289

9079,289

9080,322

9081,289

9082,289

9083,304

9084,289

9085,289

9086,304

9087,289

9088,289

9089,315

9090,289

9091,289

9092,304

9093,289

9094,289

9095,304

9096,289

9097,289

9098,315

9099,289

9100,289

9101,304

9102,289

9103,289

9104,304

9105,289

9106,289

9107,323

9108,289

9109,289

9110,304

9111,289

9112,289

9113,304

9114,289

9115,289

9116,304

9117,289

9118,289

9119,323

9120,289

9121,289

9122,304

9123,289

9124,289

9125,304

9126,289

9127,289

9128,315

9129,289

9130,289

9131,304

9132,289

9133,289

9134,304

9135,289

9136,289

9137,315

9138,289

9139,289

9140,304

9141,289

9142,289

9143,304

9144,289

9145,289

9146,322

9147,289

9148,289

9149,304

9150,289

9151,289

9152,304

9153,289

9154,289

9155,315

9156,289

9157,289

9158,304

9159,289

9160,289

9161,304

9162,289

9163,289

9164,315

9165,289

9166,289

9167,304

9168,289

9169,289

9170,304

9171,289

9172,289

9173,322

9174,289

9175,289

9176,304

9177,289

9178,289

9179,304

9180,289

9181,289

9182,315

9183,289

9184,289

9185,304

9186,289

9187,289

9188,304

9189,289

9190,289

9191,315

9192,289

9193,289

9194,304

9195,289

9196,289

9197,304

9198,289

9199,289

9200,322

9201,289

9202,289

9203,304

9204,289

9205,289

9206,304

9207,289

9208,289

9209,315

9210,289

9211,289

9212,304

9213,289

9214,289

9215,304

9216,289

9217,289

9218,315

9219,289

9220,289

9221,304

9222,289

9223,289

9224,304

9225,289

9226,289

9227,323

9228,289

9229,289

9230,304

9231,289

9232,289

9233,304

9234,289

9235,289

9236,315

9237,289

9238,289

9239,304

9240,289

9241,289

9242,304

9243,289

9244,289

9245,315

9246,289

9247,289

9248,304

9249,289

9250,289

9251,304

9252,289

9253,289

9254,322

9255,289

9256,289

9257,304

9258,289

9259,289

9260,304

9261,289

9262,289

9263,315

9264,289

9265,289

9266,304

9267,289

9268,289

9269,304

9270,289

9271,289

9272,315

9273,289

9274,289

9275,304

9276,289

9277,289

9278,304

9279,289

9280,289

9281,322

9282,289

9283,289

9284,304

9285,289

9286,289

9287,304

9288,289

9289,289

9290,315

9291,289

9292,289

9293,304

9294,289

9295,289

9296,304

9297,289

9298,289

9299,315

9300,289

9301,289

9302,304

9303,289

9304,289

9305,304

9306,289

9307,289

9308,322

9309,289

9310,289

9311,304

9312,289

9313,289

9314,304

9315,289

9316,289

9317,315

9318,289

9319,289

9320,304

9321,289

9322,289

9323,304

9324,289

9325,289

9326,315

9327,289

9328,289

9329,304

9330,289

9331,289

9332,304

9333,289

9334,289

9335,323

9336,289

9337,289

9338,304

9339,289

9340,289

9341,304

9342,289

9343,289

9344,315

9345,289

9346,289

9347,304

9348,289

9349,289

9350,304

9351,289

9352,289

9353,315

9354,289

9355,289

9356,304

9357,289

9358,289

9359,304

9360,289

9361,289

9362,315

9363,289

9364,289

9365,304

9366,289

9367,289

9368,304

9369,289

9370,289

9371,323

9372,289

9373,289

9374,304

9375,289

9376,289

9377,304

9378,289

9379,289

9380,315

9381,289

9382,289

9383,304

9384,289

9385,289

9386,304

9387,289

9388,289

9389,315

9390,289

9391,289

9392,304

9393,289

9394,289

9395,304

9396,289

9397,289

9398,322

9399,289

9400,289

9401,304

9402,289

9403,289

9404,304

9405,289

9406,289

9407,315

9408,289

9409,289

9410,304

9411,289

9412,289

9413,304

9414,289

9415,289

9416,315

9417,289

9418,289

9419,304

9420,289

9421,289

9422,304

9423,289

9424,289

9425,322

9426,289

9427,289

9428,304

9429,289

9430,289

9431,304

9432,289

9433,289

9434,315

9435,289

9436,289

9437,304

9438,289

9439,289

9440,304

9441,289

9442,289

9443,315

9444,289

9445,289

9446,304

9447,289

9448,289

9449,304

9450,289

9451,289

9452,322

9453,289

9454,289

9455,304

9456,289

9457,289

9458,304

9459,289

9460,289

9461,315

9462,289

9463,289

9464,304

9465,289

9466,289

9467,304

9468,289

9469,289

9470,315

9471,289

9472,289

9473,304

9474,289

9475,289

9476,304

9477,289

9478,289

9479,323

9480,289

9481,289

9482,304

9483,289

9484,289

9485,304

9486,289

9487,289

9488,315

9489,289

9490,289

9491,304

9492,289

9493,289

9494,304

9495,289

9496,289

9497,315

9498,289

9499,289

9500,304

9501,289

9502,289

9503,304

9504,289

9505,289

9506,322

9507,289

9508,289

9509,304

9510,289

9511,289

9512,304

9513,289

9514,289

9515,315

9516,289

9517,289

9518,304

9519,289

9520,289

9521,304

9522,289

9523,289

9524,315

9525,289

9526,289

9527,304

9528,289

9529,289

9530,304

9531,289

9532,289

9533,322

9534,289

9535,289

9536,304

9537,289

9538,289

9539,304

9540,289

9541,289

9542,315

9543,289

9544,289

9545,304

9546,289

9547,289

9548,304

9549,289

9550,289

9551,315

9552,289

9553,289

9554,304

9555,289

9556,289

9557,304

9558,289

9559,289

9560,322

9561,289

9562,289

9563,304

9564,289

9565,289

9566,304

9567,289

9568,289

9569,315

9570,289

9571,289

9572,304

9573,289

9574,289

9575,304

9576,289

9577,289

9578,315

9579,289

9580,289

9581,304

9582,289

9583,289

9584,304

9585,289

9586,289

9587,323

9588,289

9589,289

9590,304

9591,289

9592,289

9593,304

9594,289

9595,289

9596,315

9597,289

9598,289

9599,304

9600,289

9601,289

9602,304

9603,289

9604,289

9605,315

9606,289

9607,289

9608,304

9609,289

9610,289

9611,304

9612,289

9613,289

9614,315

9615,289

9616,289

9617,304

9618,289

9619,289

9620,304

9621,289

9622,289

9623,323

9624,289

9625,289

9626,304

9627,289

9628,289

9629,304

9630,289

9631,289

9632,315

9633,289

9634,289

9635,304

9636,289

9637,289

9638,304

9639,289

9640,289

9641,315

9642,289

9643,289

9644,304

9645,289

9646,289

9647,304

9648,289

9649,289

9650,322

9651,289

9652,289

9653,304

9654,289

9655,289

9656,304

9657,289

9658,289

9659,315

9660,289

9661,289

9662,304

9663,289

9664,289

9665,304

9666,289

9667,289

9668,315

9669,289

9670,289

9671,304

9672,289

9673,289

9674,304

9675,289

9676,289

9677,322

9678,289

9679,289

9680,304

9681,289

9682,289

9683,304

9684,289

9685,289

9686,315

9687,289

9688,289

9689,304

9690,289

9691,289

9692,304

9693,289

9694,289

9695,315

9696,289

9697,289

9698,304

9699,289

9700,289

9701,304

9702,289

9703,289

9704,322

9705,289

9706,289

9707,304

9708,289

9709,289

9710,304

9711,289

9712,289

9713,315

9714,289

9715,289

9716,304

9717,289

9718,289

9719,304

9720,289

9721,289

9722,315

9723,289

9724,289

9725,304

9726,289

9727,289

9728,304

9729,289

9730,289

9731,323

9732,289

9733,289

9734,304

9735,289

9736,289

9737,304

9738,289

9739,289

9740,315

9741,289

9742,289

9743,304

9744,289

9745,289

9746,304

9747,289

9748,289

9749,315

9750,289

9751,289

9752,304

9753,289

9754,289

9755,304

9756,289

9757,289

9758,322

9759,289

9760,289

9761,304

9762,289

9763,289

9764,304

9765,289

9766,289

9767,315

9768,289

9769,289

9770,304

9771,289

9772,289

9773,304

9774,289

9775,289

9776,315

9777,289

9778,289

9779,304

9780,289

9781,289

9782,304

9783,289

9784,289

9785,322

9786,289

9787,289

9788,304

9789,289

9790,289

9791,304

9792,289

9793,289

9794,315

9795,289

9796,289

9797,304

9798,289

9799,289

9800,304

9801,289

9802,289

9803,315

9804,289

9805,289

9806,304

9807,289

9808,289

9809,304

9810,289

9811,289

9812,322

9813,289

9814,289

9815,304

9816,289

9817,289

9818,304

9819,289

9820,289

9821,315

9822,289

9823,289

9824,304

9825,289

9826,289

9827,304

9828,289

9829,289

9830,315

9831,289

9832,289

9833,304

9834,289

9835,289

9836,304

9837,289

9838,289

9839,323
